Supporting Information for:

NMR of Short-Chain Hydrocarbons in Nematic and Smectic A Liquid Crystals

Adrian C.J. Weber, Chemistry Department, Brandon University,
270-18th St, Brandon, MB, R7A 6A9, Canada

Ronald Y. Dong, Physics Department, University of British Columbia,
6224 Agricultural Road, Vancouver, British Columbia, V6T 1Z1 Canada 

W. Leo Meerts, Radboud University, Institute for Molecules and Materials, 
Heyendaalseweg 135, NL-6525 AJ Nijmegen, The Netherlands  
and
Laser Centre, Vrije Universiteit, De Boelelaan 1081, 
1081 HV Amsterdam, The Netherlands 

Xuan Yang Chemistry Department, University of British Columbia,
2036 Main Mall, Vancouver, British Columbia, V6T1Z1 Canada  

E. Elliott Burnell, Chemistry Department, University of British Columbia, 
2036 Main Mall, Vancouver, British Columbia, V6T 1Z1 Canada



dipolar couplings in Hz and temperature in K

Dipoler couplings from 6OCB/8OCB sample

ethane in 6OCB/8OCB

 T          D12       D14
288      563.64   -223.91
290      555.04   -220.51
291      551.38   -219.06
292      546.44   -217.16
293      542.67   -215.65
294      538.93   -214.21
295      535.50   -212.84
296      532.24   -211.56
298      525.68   -208.99
300      519.47   -206.53
302      513.44   -204.17
304      507.60   -201.88
306      501.87   -199.61
308      496.19   -197.41
310      489.79   -194.89
312      484.22   -192.69
314      478.62   -190.51
316      473.06   -188.33
318      467.42   -186.09
320      461.46   -183.75
322      454.60   -181.06
324      444.36   -177.00
327      431.78   -172.04
330      414.77   -165.29
333      396.69   -158.14
336      375.17   -149.60
339      347.76   -138.72
342      312.05   -124.51
345      252.63   -100.84

propane in 6OCB/8OCB 

 T          D12       D14       D16      D45

288      596.64   -137.27   -281.92   1413.35
290      588.04   -135.27   -277.91   1393.26
291      584.36   -134.50   -276.12   1384.48
292      579.38   -133.39   -273.72   1372.81
293      575.45   -132.50   -271.80   1363.81
294      571.62   -131.67   -270.05   1354.80
295      568.05   -130.88   -268.32   1346.36
296      564.69   -130.11   -266.72   1338.50
298      557.77   -128.61   -263.41   1322.47
300      551.22   -127.15   -260.24   1307.21
302      544.84   -125.76   -257.13   1292.42
304      538.56   -124.37   -254.17   1278.04
306      532.37   -123.05   -251.14   1263.55
308      526.19   -121.71   -248.20   1249.52
310      519.34   -120.22   -244.88   1233.79
312      513.32   -118.90   -241.91   1219.77
314      507.25   -117.60   -239.03   1205.91
316      501.19   -116.24   -236.07   1191.90
318      495.04   -114.89   -233.08   1177.89
320      488.57   -113.56   -229.94   1163.00
322      481.13   -111.93   -226.33   1145.98
324      470.16   -109.50   -221.02   1120.49
327      456.78   -106.52   -214.63   1089.59
330      438.77   -102.50   -206.05   1049.59
333      419.75    -98.21   -196.89   1003.05
336      397.03    -93.03   -186.13    949.72
339      368.12    -86.37   -172.41    881.62
342      330.42    -77.71   -154.64    792.35
345      267.65    -63.07   -125.12    642.42

n-butane in 6OCB/8OCB  

 T          D12       D45        D47       D46      D14       D16       D28
288      980.64   1879.16     61.28     85.24   -236.10   -473.21   -232.50
290      959.22   1844.65     57.07     82.10   -230.29   -464.00   -228.78
291      950.06   1829.87     55.35     80.68   -227.84   -460.02   -227.18
292      937.71   1809.87     52.92     78.89   -224.51   -454.64   -225.00
293      928.10   1794.25     51.11     77.44   -221.94   -450.42   -223.29
294      918.88   1779.13     49.38     76.05   -219.48   -446.36   -221.66
295      910.19   1764.88     47.70     74.82   -217.18   -442.50   -220.13
296      902.09   1751.59     46.19     73.66   -215.06   -438.89   -218.65
298      885.75   1724.65     43.10     71.35   -210.78   -431.55   -215.72
300      870.50   1699.23     40.39     69.23   -206.79   -424.66   -212.89
302      855.77   1674.54     37.71     67.17   -202.98   -417.91   -210.20
304      841.60   1650.81     35.23     65.22   -199.38   -411.42   -207.56
306      827.79   1627.43     32.98     63.19   -195.86   -405.04   -204.94
308      814.46   1604.72     30.68     61.48   -192.50   -398.82   -202.43
310      799.95   1579.65     28.35     59.60   -188.86   -392.01   -199.54
312      787.22   1557.65     26.33     57.92   -185.71   -385.97   -197.02
314      774.79   1536.08     24.44     56.40   -182.63   -380.04   -194.55
316      762.58   1514.55     22.58     54.89   -179.63   -374.15   -192.05
318      750.57   1493.32     20.91     53.43   -176.73   -368.32   -189.58
320      738.29   1471.28     19.33     52.00   -173.79   -362.28   -186.96
322      724.92   1446.90     17.71     50.54   -170.67   -355.64   -184.01
324      706.40   1412.08     16.06     48.77   -166.38   -346.36   -179.72
327      682.80   1368.72     13.61     46.31   -160.76   -334.83   -174.39
330      652.36   1311.68     11.03     43.52   -153.50   -319.98   -167.32
333      620.49   1251.59      8.51     40.63   -145.91   -304.46   -159.82
336      583.55   1180.98      6.11     37.41   -137.14   -286.45   -150.96
339      537.78   1092.39      3.64     33.87   -126.26   -264.09   -139.72
342      479.88    978.45      1.62     29.36   -112.63   -235.76   -125.19
345      386.00    790.95     -0.37     23.21    -90.57   -189.78   -101.17

1,3,5-trichlorobenzene in 6OCB/8OCB  

 T          D12       
288      217.83
290      215.13
291      213.93
292      212.33
293      210.96
294      209.67
295      208.39
296      207.20
298      204.74
300      202.33
302      199.93
304      197.51
306      195.12
308      192.65
310      189.98
312      187.54
314      184.96
316      182.35
318      179.73
320      176.81
322      173.47
324      168.54
327      163.09
330      156.20
333      149.05
336      140.74
339      130.43
342      117.08
345      94.88


Dipoler couplings from 8OCB sample

      ethane in 8OCB  

 T          D12       D14
318.0      460.60   -183.34
319.0      458.13   -182.35
320.0      455.56   -181.34
321.0      452.89   -180.32
322.0      450.27   -179.29
323.0      447.57   -178.22
324.0      444.83   -177.12
325.0      441.99   -176.04
326.0      439.28   -174.96
327.0      436.17   -173.74
328.0      433.07   -172.53
329.0      429.81   -171.23
330.0      426.54   -169.96
331.0      422.94   -168.57
332.0      419.07   -167.00
333.0      414.56   -165.24
334.0      409.51   -163.30
335.0      403.38   -160.86
336.0      391.16   -155.94
337.0      381.74   -152.21
338.0      372.64   -148.58
339.0      362.51   -144.56
340.0      351.53   -140.16
341.0      340.79   -135.86
342.0      328.22   -130.81
343.0      314.00   -125.05
344.0      296.61   -118.14

propane in 8OCB 

 T          D12       D14       D16      D45
318.0      487.74   -113.03   -230.00   1158.43
319.0      484.99   -112.40   -228.68   1151.93
320.0      482.19   -111.81   -227.31   1145.25
321.0      479.32   -111.14   -225.88   1138.77
322.0      476.40   -110.50   -224.50   1132.12
323.0      473.44   -109.91   -223.05   1125.29
324.0      470.40   -109.18   -221.57   1118.36
325.0      467.32   -108.51   -220.08   1110.83
326.0      464.29   -107.91   -218.61   1104.32
327.0      460.95   -107.19   -217.02   1096.62
328.0      457.55   -106.42   -215.38   1088.91
329.0      454.10   -105.68   -213.70   1080.79
330.0      450.58   -104.91   -211.93   1072.65
331.0      446.69   -104.05   -210.09   1063.79
332.0      442.44   -103.16   -208.03   1054.18
333.0      437.68   -102.07   -205.75   1043.18
334.0      432.39   -100.85   -203.20   1031.08
335.0      425.90    -99.44   -200.08   1015.63
336.0      412.83    -96.46   -193.83    985.34
337.0      403.00    -94.26   -189.14    962.25
338.0      393.34    -92.05   -184.56    939.96
339.0      382.71    -89.63   -179.50    914.99
340.0      370.98    -86.98   -174.03    899.76
341.0      359.61    -84.51   -168.67    872.97
342.0      347.48    -81.51   -162.65    830.18
343.0      331.88    -77.99   -155.39    792.31
344.0      308.96    -66.10   -146.49    771.58

n-butane in 8OCB  

 T          D12       D45        D47       D46      D14       D16       D28
318.0      730.81   1459.36     18.55     50.89   -170.63   -361.31   -186.00
319.0      725.25   1449.49     17.92     50.20   -169.30   -358.62   -184.84
320.0      719.71   1439.56     17.08     49.47   -167.95   -355.94   -183.70
321.0      714.13   1429.78     16.28     48.74   -166.63   -353.19   -182.57
322.0      708.53   1419.69     15.55     48.21   -165.29   -350.46   -181.38
323.0      702.91   1409.64     14.74     47.50   -163.94   -347.68   -180.22
324.0      697.22   1399.41     14.09     46.86   -162.59   -344.91   -178.98
325.0      691.46   1389.03     13.29     46.31   -161.22   -342.09   -177.72
326.0      685.94   1379.03     12.61     45.75   -159.94   -339.35   -176.54
327.0      679.82   1367.86     11.92     44.90   -158.46   -336.28   -175.22
328.0      673.84   1356.97     11.28     44.31   -157.09   -333.33   -173.89
329.0      667.71   1345.61     10.55     43.69   -155.65   -330.28   -172.50
330.0      661.54   1334.10      9.98     43.05   -154.25   -327.16   -171.08
331.0      654.94   1321.84      9.33     42.40   -152.69   -323.84   -169.57
332.0      647.93   1308.82      8.62     41.71   -151.07   -320.30   -167.93
333.0      640.16   1293.88      8.03     40.99   -149.31   -316.34   -166.09
334.0      631.82   1277.91      7.37     40.37   -147.39   -312.11   -164.00
335.0      621.72   1258.17      6.87     39.30   -145.13   -306.92   -161.48
336.0      602.68   1220.45      6.12     38.03   -140.88   -297.20   -156.60
337.0      587.49   1190.85      5.29     37.01   -137.45   -289.53   -152.79
338.0      572.70   1161.96      4.62     35.84   -133.97   -282.15   -149.11
339.0      556.23   1129.96      3.82     34.57   -130.14   -274.01   -145.00
340.0      539.22   1096.03      2.97     33.51   -126.15   -265.68   -140.66
341.0      521.54   1062.20      2.14     32.28   -122.04   -257.04   -136.20
342.0      502.14   1022.95      1.39     30.62   -117.33   -247.45   -131.17
343.0      479.48    978.42     -0.22     29.30   -112.05   -236.31   -125.36
344.0      452.11    924.00     -0.90     27.51   -105.40   -223.18   -118.18

1,3,5-trichlorobenzene in 8OCB  

 T          D12       
318.0     -180.94
319.0     -179.75
320.0     -178.57
321.0     -177.36
322.0     -176.08
323.0     -174.86
324.0     -173.61
325.0     -172.25
326.0     -170.97
327.0     -169.47
328.0     -168.04
329.0     -166.44
330.0     -164.85
331.0     -163.16
332.0     -161.27
333.0     -159.15
334.0     -156.72
335.0     -153.71
336.0     -148.09
337.0     -144.08
338.0     -140.34
339.0     -136.27
340.0     -132.05
341.0     -127.89
342.0     -122.99
343.0     -117.59
344.0     -111.01
